0 0.482133842481 0.739050372753 0.0945474680553 0.0967516843096
0 0.773352480474 0.561762791054 0.0525775553863 0.0909453030195
0 0.0462019428398 0.495586320466 0.0438064205972 0.0427518600137
0 0.162241369363 0.509475209354 0.0465949820785 0.0361328125
0 0.253639218825 0.431043836806 0.0475920633028 0.0392992059297
0 0.348621297679 0.388560176675 0.0527593712264 0.0575477319512
0 0.450771835313 0.394279130923 0.0371165752193 0.0279721443086
0 0.722277211657 0.392645143995 0.0491694379336 0.0393185760801
0 0.767976136388 0.408168019812 0.030568251497 0.0438678708936
0 0.868334559327 0.480063444649 0.0613265989085 0.0590165305049
