0 0.555435483871 0.940875816993 0.04559951189 0.0885932708187
0 0.651 0.948501089325 0.057436322784 0.0863802813493
0 0.153016129032 0.400026143791 0.0492346157156 0.063316903272
0 0.353016129032 0.565603485839 0.048371903064 0.0786551621147
0 0.403419354839 0.612989106755 0.050249274358 0.063123001184
0 0.466322580645 0.787825708061 0.03437887477 0.0521939782453
0 0.457451612903 0.295450980392 0.047800122134 0.0520283337333
0 0.577209677419 0.489895424837 0.044102149718 0.0751647171307
0 0.651806451613 0.61680174292 0.033158879074 0.0507904723573
0 0.673580645162 0.276932461874 0.036590224804 0.0673933330144
